[14752.839887] [Project1] 12152 1588263758.510142131, 1588263760.375838447
[14756.582298] [Project1] 12154 1588263762.246667710, 1588263764.118329588
[14760.325392] [Project1] 12156 1588263765.988711010, 1588263767.861416563
[14764.068191] [Project1] 12159 1588263769.731997548, 1588263771.604391359
[14767.812021] [Project1] 12161 1588263773.475563923, 1588263775.348302236
[14771.554729] [Project1] 12163 1588263777.219219007, 1588263779.091092721
[14775.284461] [Project1] 12165 1588263780.952178706, 1588263782.820903734
[14779.020916] [Project1] 12167 1588263784.691548857, 1588263786.557446055
[14782.575552] [Project1] 12340 1588263788.376817505, 1588263790.112011536
[14786.309953] [Project1] 12383 1588263791.983099523, 1588263793.846620822
